TiempoEjecucion,AnguloPitch,AnguloRoll,AnguloYaw,VelocidadPitch,VelocidadRoll,VelocidadYaw,Altura,EstadoEncendido,MensajesRecibidos
63.050881148,0,36,-38,-30,30,16,5,1,7880
63.074032069,1,36,-38,-25,35,17,5,1,7881
63.080899,0,36,-37,-21,39,17,5,1,7882
63.089956999,1,35,-37,-21,39,17,5,1,7883
63.096041203,1,34,-37,-16,42,15,5,1,7884
63.101961136,1,34,-37,-16,42,15,5,1,7885
63.126302004,1,34,-37,-12,43,11,5,1,7886
63.131965161,0,34,-37,-7,43,6,5,1,7887
63.145578146,0,34,-37,-2,40,1,5,1,7888
63.174916029,-1,33,-37,3,36,-3,5,1,7889
63.187926054,-1,34,-37,9,30,-8,5,1,7890
63.200020075,-2,33,-37,9,30,-8,5,1,7891
63.205404044,-3,33,-37,16,23,-11,5,1,7892
63.229931116,-4,32,-37,16,23,-11,5,1,7893
63.235959053,-4,32,-38,22,15,-13,5,1,7894
63.241747141,-5,31,-38,22,15,-13,5,1,7895
63.249079228,-6,31,-38,22,15,-13,5,1,7896
63.251968146,-6,30,-38,26,8,-13,5,1,7897
63.25812006,-7,29,-38,26,8,-13,5,1,7898
63.281990052,-8,29,-38,28,2,-13,5,1,7899
63.287976027,-8,28,-38,28,-2,-11,5,1,7900
63.30190301,-8,26,-38,28,-2,-11,5,1,7901
63.304359198,-9,26,-38,25,-4,-10,5,1,7902
63.309918166,-9,25,-38,25,-4,-10,5,1,7903
63.335124016,-9,24,-38,20,-3,-9,5,1,7904
63.340046168,-9,23,-38,15,0,-8,5,1,7905
63.345119,-8,21,-39,15,0,-8,5,1,7906
63.351093054,-8,20,-39,9,3,-8,5,1,7907
63.355878115,-8,19,-39,9,3,-8,5,1,7908
63.361951113,-8,18,-39,5,9,-8,5,1,7909
63.385904074,-8,17,-39,5,9,-8,5,1,7910
63.398003102,-7,17,-39,2,16,-8,5,1,7911
63.412675143,-7,16,-39,2,16,-8,5,1,7912
63.440962076,-7,15,-39,1,24,-7,5,1,7913
63.453869105,-6,15,-39,1,30,-6,5,1,7914
63.467749119,-6,15,-39,1,36,-4,5,1,7915
63.494900227,-6,14,-39,1,36,-4,5,1,7916
63.502013207,-6,14,-39,2,40,-2,5,1,7917
63.517035008,-5,14,-39,2,40,-2,5,1,7918
63.518832207,-5,13,-39,3,42,-1,5,1,7919
63.522891999,-5,13,-39,3,42,-1,5,1,7920
63.5469172,-5,13,-39,3,41,0,5,1,7921
63.55398202,-5,14,-39,4,38,0,5,1,7922
63.563059092,-5,14,-39,4,38,0,5,1,7923
63.569204092,-5,14,-39,4,32,0,5,1,7924
63.576549054,-5,14,-39,4,32,0,5,1,7925
63.599053145,-5,14,-39,3,25,-1,5,1,7926
63.606739998,-5,15,-39,2,18,-2,5,1,7927
63.610117197,-5,15,-39,2,18,-2,5,1,7928
63.615900994,-5,14,-39,0,10,-4,5,1,7929
63.627203226,-5,14,-39,0,10,-4,5,1,7930
63.650970221,-5,14,-39,0,3,-7,5,1,7931
63.66385603,-5,14,-40,-2,-1,-9,5,1,7932
63.674945116,-4,14,-40,-4,-6,-11,5,1,7933
63.706956148,-4,13,-40,-6,-9,-12,5,1,7934
63.718989134,-4,12,-40,-7,-10,-12,5,1,7935
63.72496605,-4,11,-40,-7,-10,-12,5,1,7936
63.73487711,-4,10,-40,-7,-10,-12,5,1,7937
63.758945227,-4,9,-41,-7,-10,-12,5,1,7938
63.765958071,-4,7,-41,-7,-8,-11,5,1,7939
63.770903111,-3,6,-41,-7,-8,-11,5,1,7940
63.775904179,-3,5,-41,-7,-8,-11,5,1,7941
63.780930996,-3,4,-41,-6,-5,-8,5,1,7942
63.786967993,-3,3,-41,-6,-5,-8,5,1,7943
63.811053038,-2,2,-41,-4,-1,-5,5,1,7944
63.820704222,-2,1,-41,-1,3,-3,5,1,7945
63.828055144,-1,-1,-41,-1,3,-3,5,1,7946
63.833034993,-1,-2,-41,1,9,0,5,1,7947
63.840194226,-1,-3,-41,1,9,0,5,1,7948
63.863920212,-1,-4,-41,4,15,1,5,1,7949
63.870046139,0,-4,-41,6,20,1,5,1,7950
63.874955178,0,-4,-41,6,20,1,5,1,7951
63.880916119,0,-5,-41,6,20,1,5,1,7952
63.886234045,0,-5,-41,7,23,1,5,1,7953
63.893093109,0,-5,-41,7,23,1,5,1,7954
63.915137053,0,-6,-41,7,23,1,5,1,7955
63.921940089,-1,-5,-41,7,25,0,5,1,7956
63.932090998,-1,-5,-41,7,25,0,5,1,7957
63.936939001,-1,-5,-41,6,24,-1,5,1,7958
63.943762064,-2,-4,-41,6,24,-1,5,1,7959
63.966917992,-2,-4,-41,6,24,-1,5,1,7960
63.974532128,-3,-3,-41,5,22,-2,5,1,7961
63.982980013,-4,-2,-41,5,22,-2,5,1,7962
64.014977217,-4,-1,-41,3,18,-4,5,1,7963
64.028012991,-5,-1,-41,2,13,-6,5,1,7964
64.032911063,-5,0,-41,2,13,-6,5,1,7965
64.038531065,-6,1,-41,0,7,-7,5,1,7966
64.043008089,-6,1,-41,0,7,-7,5,1,7967
64.067905188,-6,2,-41,0,1,-8,5,1,7968
64.075040102,-7,2,-42,-2,-3,-8,5,1,7969
64.079939127,-7,2,-42,-2,-3,-8,5,1,7970
64.085982085,-7,3,-42,-4,-8,-8,5,1,7971
64.090055228,-8,3,-42,-4,-8,-8,5,1,7972
64.100942135,-8,4,-42,-5,-11,-7,5,1,7973
64.120974064,-8,4,-42,-5,-11,-7,5,1,7974
64.128782034,-8,4,-42,-6,-12,-5,5,1,7975
64.137015105,-8,5,-42,-6,-12,-5,5,1,7976
64.142914057,-7,5,-42,-7,-11,-3,5,1,7977
64.148987055,-7,5,-42,-7,-11,-3,5,1,7978
64.173006058,-7,5,-42,-7,-9,-1,5,1,7979
64.179001093,-6,5,-42,-7,-6,0,5,1,7980
64.184070111,-6,6,-42,-7,-6,0,5,1,7981
64.190048218,-5,6,-42,-7,-6,0,5,1,7982
64.197175026,-5,6,-42,-6,-2,1,5,1,7983
64.201177121,-4,6,-42,-6,-2,1,5,1,7984
64.224143029,-3,6,-42,-6,-2,1,5,1,7985
64.230904103,-3,6,-42,-5,2,3,5,1,7986
64.240974188,-2,5,-42,-5,2,3,5,1,7987
64.245977164,-1,5,-42,-3,6,3,5,1,7988
64.252984047,0,5,-42,-3,6,3,5,1,7989
64.279957056,0,5,-42,-2,10,3,5,1,7990
64.285077095,1,5,-42,0,12,3,5,1,7991
64.289445162,1,5,-42,0,12,3,5,1,7992
64.297049046,1,4,-42,0,14,2,5,1,7993
64.298920155,2,4,-42,0,14,2,5,1,7994
64.305083037,2,4,-42,2,14,1,5,1,7995
64.328909159,2,4,-42,2,14,1,5,1,7996
64.335221052,3,4,-42,3,13,0,5,1,7997
64.349054098,3,3,-42,3,13,0,5,1,7998
64.351079226,3,3,-42,3,12,-1,5,1,7999
64.356998205,3,3,-42,3,12,-1,5,1,8000
64.380932093,3,3,-42,2,9,-2,5,1,8001
64.388162136,3,2,-42,1,6,-3,5,1,8002
64.392028094,4,2,-42,1,6,-3,5,1,8003
64.397871018,4,2,-42,1,6,-3,5,1,8004
64.405450106,4,2,-42,0,4,-3,5,1,8005
64.409142018,4,1,-42,0,4,-3,5,1,8006
64.43355012,4,1,-42,0,4,-3,5,1,8007
64.439002037,4,1,-42,0,1,-4,5,1,8008
64.447949171,4,0,-42,0,1,-4,5,1,8009
64.453980208,4,0,-42,-1,-1,-5,5,1,8010
64.459902048,4,-1,-42,-1,-1,-5,5,1,8011
64.48388815,4,-1,-42,-2,-3,-5,5,1,8012
64.490002156,4,-1,-42,-2,-4,-5,5,1,8013
64.496701002,4,-2,-42,-2,-4,-5,5,1,8014
64.50099802,4,-2,-42,-2,-4,-5,5,1,8015
64.505998135,4,-3,-42,-3,-5,-5,5,1,8016
64.511918068,4,-3,-42,-3,-5,-5,5,1,8017
64.53600502,4,-4,-42,-3,-5,-5,5,1,8018
64.543026209,4,-4,-42,-4,-5,-4,5,1,8019
64.552913189,4,-5,-42,-4,-5,-4,5,1,8020
64.557965994,4,-6,-42,-4,-4,-3,5,1,8021
64.564583063,4,-6,-42,-4,-4,-3,5,1,8022
64.587937117,4,-7,-42,-3,-3,-2,5,1,8023
64.595037222,4,-7,-42,-3,-2,-1,5,1,8024
64.600009203,4,-7,-42,-3,-2,-1,5,1,8025
64.604953051,4,-8,-42,-3,-2,-1,5,1,8026
64.609955073,4,-8,-42,-2,0,-1,5,1,8027
64.620885134,4,-8,-42,-2,0,-1,5,1,8028
64.639901162,4,-9,-42,-2,0,-1,5,1,8029
64.648712159,4,-9,-42,-1,0,0,5,1,8030
64.655917168,4,-9,-42,-1,0,0,5,1,8031
64.662292004,4,-9,-42,0,1,0,5,1,8032
64.668044091,4,-9,-42,0,1,0,5,1,8033
64.690900088,4,-9,-42,0,1,0,5,1,8034
64.697892189,4,-9,-42,0,2,0,5,1,8035
64.708723069,5,-9,-42,0,2,0,5,1,8036
64.712948084,5,-8,-42,0,3,0,5,1,8037
64.72003007,5,-8,-42,0,3,0,5,1,8038
64.742995024,5,-8,-42,0,3,0,5,1,8039
64.74989605,6,-8,-42,0,3,-1,5,1,8040
64.754905224,6,-7,-42,0,3,-1,5,1,8041
64.759904147,6,-7,-42,0,3,-1,5,1,8042
64.765868187,6,-7,-42,0,2,-2,5,1,8043
64.771991015,6,-7,-42,0,2,-2,5,1,8044
64.795916081,7,-7,-42,0,2,-3,5,1,8045
64.804898024,7,-6,-43,0,1,-5,5,1,8046
64.806829214,7,-6,-43,0,1,-5,5,1,8047
64.812976122,7,-6,-43,0,0,-5,5,1,8048
64.817921162,7,-6,-43,0,0,-5,5,1,8049
64.84297514,7,-6,-43,-1,0,-6,5,1,8050
64.849938155,7,-6,-43,-1,-1,-5,5,1,8051
64.858958006,6,-6,-43,-1,-1,-5,5,1,8052
64.864832163,6,-6,-43,-1,-3,-4,5,1,8053
64.870986224,6,-6,-43,-1,-3,-4,5,1,8054
64.894744158,6,-6,-43,-1,-3,-4,5,1,8055
64.900976181,5,-6,-43,-1,-4,-3,5,1,8056
64.911098004,5,-7,-43,-1,-4,-3,5,1,8057
64.916934014,4,-7,-43,-2,-5,-1,5,1,8058
64.922902108,4,-7,-43,-2,-5,-1,5,1,8059
64.946926117,4,-7,-43,-2,-5,0,5,1,8060
64.952975035,4,-7,-43,-1,-4,0,5,1,8061
64.960962057,3,-7,-43,-1,-4,0,5,1,8062
64.963987112,3,-7,-43,-1,-4,0,5,1,8063
64.969615221,3,-7,-43,-1,-3,0,5,1,8064
64.974980116,3,-7,-43,-1,-3,0,5,1,8065
64.998959065,3,-7,-43,0,-2,0,5,1,8066
65.005945206,3,-7,-43,0,-1,0,5,1,8067
65.016919136,3,-7,-43,0,-1,0,5,1,8068
65.022111178,3,-7,-43,0,0,0,5,1,8069
65.026867152,3,-6,-43,0,0,0,5,1,8070
65.050923109,3,-6,-43,1,1,0,5,1,8071
65.057311058,4,-6,-43,1,2,0,5,1,8072
65.063250065,4,-6,-43,1,2,0,5,1,8073
65.067975045,4,-6,-43,2,3,0,5,1,8074
65.079068184,5,-5,-43,2,3,0,5,1,8075
65.102935076,5,-5,-43,2,3,0,5,1,8076
65.10908103,5,-5,-43,2,3,0,5,1,8077
65.119086027,6,-4,-43,2,3,0,5,1,8078
65.124883175,6,-4,-43,1,3,0,5,1,8079
65.130913019,6,-4,-43,1,3,0,5,1,8080
65.155007124,6,-4,-43,1,2,1,5,1,8081
65.160944224,6,-4,-43,0,2,1,5,1,8082
65.166587115,6,-4,-43,0,2,1,5,1,8083
65.171938181,6,-4,-43,0,2,1,5,1,8084
65.176898003,6,-4,-43,-1,1,1,5,1,8085
65.182918072,6,-4,-43,-1,1,1,5,1,8086
65.206916094,6,-4,-43,-1,1,1,5,1,8087
65.213005066,6,-4,-43,-2,0,1,5,1,8088
65.224842072,5,-5,-43,-2,0,1,5,1,8089
65.228861094,5,-5,-43,-3,0,1,5,1,8090
65.234985113,4,-5,-43,-3,0,1,5,1,8091
65.261462212,4,-5,-43,-4,0,1,5,1,8092
65.264986992,4,-5,-43,-5,0,1,5,1,8093
65.275021077,3,-6,-43,-5,0,1,5,1,8094
65.279944182,3,-6,-43,-5,-1,1,5,1,8095
65.286905051,2,-6,-43,-5,-1,1,5,1,8096
65.309947014,2,-6,-43,-5,-1,1,5,1,8097
65.316991091,1,-6,-43,-5,0,0,5,1,8098
65.323954106,1,-6,-43,-5,0,0,5,1,8099
65.327984095,1,-6,-43,-4,0,0,5,1,8100
65.338910103,0,-5,-43,-4,0,0,5,1,8101
65.362957001,0,-5,-43,-3,0,0,5,1,8102
65.368999005,0,-5,-43,-2,0,0,5,1,8103
65.378934145,-1,-5,-43,-2,0,0,5,1,8104
65.384877205,-1,-5,-43,-1,0,-1,5,1,8105
65.390958071,-1,-4,-43,-1,0,-1,5,1,8106
65.414907217,-1,-4,-43,0,-1,-1,5,1,8107
65.420939207,-2,-4,-43,0,-1,-1,5,1,8108
65.425928116,-2,-3,-43,0,-1,-1,5,1,8109
65.430974007,-2,-3,-43,0,-1,-1,5,1,8110
65.436848164,-2,-3,-43,0,-2,-2,5,1,8111
65.443989039,-2,-2,-43,0,-2,-2,5,1,8112
65.466027022,-2,-2,-43,0,-2,-2,5,1,8113
65.474225998,-1,-2,-43,0,-2,-2,5,1,8114
65.482958079,-1,-1,-43,0,-2,-2,5,1,8115
65.489286185,-1,0,-43,0,-2,-2,5,1,8116
65.494950056,-1,0,-43,0,-2,-2,5,1,8117
65.518928051,0,0,-43,0,-2,-1,5,1,8118
65.525053025,0,1,-43,0,-2,-1,5,1,8119
65.536916018,1,1,-43,0,-2,-1,5,1,8120
65.540977001,1,2,-43,0,-2,-1,5,1,8121
65.548828125,1,2,-43,0,-2,-1,5,1,8122
65.570982218,1,2,-43,0,-1,-1,5,1,8123
65.57803011,1,3,-43,0,0,0,5,1,8124
65.582886219,1,3,-43,0,0,0,5,1,8125
65.588000059,1,3,-43,-1,0,0,5,1,8126
65.59296012,1,4,-43,-1,0,0,5,1,8127
65.600995064,1,4,-43,-1,0,0,5,1,8128
65.623100043,0,4,-43,-1,0,0,5,1,8129
65.629940033,0,4,-43,-2,1,1,5,1,8130
65.639949084,-1,5,-43,-2,1,1,5,1,8131
65.645022154,-2,5,-43,-3,1,1,5,1,8132
65.650975228,-3,5,-43,-3,1,1,5,1,8133
65.675049067,-3,5,-43,-4,1,2,5,1,8134
65.68204403,-4,5,-43,-4,1,2,5,1,8135
65.689350128,-5,5,-43,-4,1,2,5,1,8136
65.691905022,-6,6,-43,-4,1,2,5,1,8137
65.698042155,-7,6,-43,-4,0,2,5,1,8138
65.704098225,-8,6,-43,-4,0,2,5,1,8139
65.727013111,-8,6,-43,-4,0,2,5,1,8140
65.734217167,-9,6,-43,-5,0,2,5,1,8141
65.744807005,-10,6,-43,-5,0,2,5,1,8142
65.748949051,-11,6,-43,-4,0,2,5,1,8143
65.754927159,-12,6,-43,-4,0,2,5,1,8144
65.779803038,-12,5,-43,-4,-1,1,5,1,8145
65.786067009,-12,5,-43,-3,-2,1,5,1,8146
65.791098118,-13,5,-43,-3,-2,1,5,1,8147
65.795954228,-13,4,-43,-3,-3,1,5,1,8148
65.800923109,-13,4,-43,-3,-3,1,5,1,8149
65.810593129,-13,4,-43,-2,-4,1,5,1,8150
65.830943108,-13,3,-43,-2,-4,1,5,1,8151
65.841013193,-13,3,-43,-1,-4,0,5,1,8152
65.848870039,-12,2,-43,-1,-4,0,5,1,8153
65.853643179,-12,1,-43,0,-4,0,5,1,8154
65.859903097,-12,1,-43,0,-4,0,5,1,8155
65.88292718,-11,0,-43,0,-4,0,5,1,8156
65.890007019,-11,0,-43,1,-3,-1,5,1,8157
65.894984007,-10,-1,-43,1,-3,-1,5,1,8158
65.90260005,-10,-1,-43,1,-3,-1,5,1,8159
65.90587616,-9,-2,-43,2,-3,-1,5,1,8160
65.912075997,-9,-2,-43,2,-3,-1,5,1,8161
65.934984207,-8,-2,-43,2,-3,-1,5,1,8162
65.942012072,-8,-3,-43,3,-2,-2,5,1,8163
65.951912165,-7,-3,-43,3,-2,-2,5,1,8164
65.956986189,-7,-3,-43,3,-1,-2,5,1,8165
65.963987112,-7,-4,-43,3,-1,-2,5,1,8166
65.986983061,-7,-4,-43,3,-1,-3,5,1,8167
65.99456811,-6,-4,-43,3,0,-3,5,1,8168
65.999370098,-6,-4,-43,3,0,-3,5,1,8169
66.004435063,-6,-4,-43,3,0,-3,5,1,8170
66.00891614,-6,-4,-43,3,0,-3,5,1,8171
66.015926123,-7,-4,-43,3,0,-3,5,1,8172
66.038945198,-7,-4,-43,3,0,-2,5,1,8173
66.045935154,-7,-4,-43,3,0,-1,5,1,8174
66.050926209,-7,-4,-43,3,0,-1,5,1,8175
66.05610013,-8,-4,-43,3,0,-1,5,1,8176
66.061938048,-8,-4,-43,3,0,0,5,1,8177
66.068096161,-9,-4,-43,3,0,0,5,1,8178
66.091953039,-9,-4,-43,2,1,1,5,1,8179
66.097887993,-10,-4,-43,1,0,2,5,1,8180
66.102998019,-10,-4,-43,1,0,2,5,1,8181
66.10889411,-11,-4,-43,1,0,2,5,1,8182
66.115962029,-11,-4,-43,0,0,3,5,1,8183
66.120602131,-12,-5,-43,0,0,3,5,1,8184
66.143020153,-12,-5,-43,0,0,3,5,1,8185
66.149928093,-12,-5,-43,0,0,3,5,1,8186
66.159923077,-13,-5,-43,0,0,3,5,1,8187
66.164980173,-14,-5,-43,-1,0,3,5,1,8188
66.196957112,-14,-5,-43,-1,1,2,5,1,8189
66.209956169,-14,-5,-43,-2,1,2,5,1,8190
66.220908165,-14,-5,-43,-2,2,1,5,1,8191
66.252020121,-15,-5,-43,-2,2,0,5,1,8192
66.264979124,-15,-5,-43,-1,3,0,5,1,8193
66.270900011,-15,-5,-43,-1,3,0,5,1,8194
66.277263165,-16,-5,-43,0,3,0,5,1,8195
66.30499816,-16,-5,-43,0,3,0,5,1,8196
66.31279707,-17,-5,-43,0,3,0,5,1,8197
66.32198,-18,-5,-43,0,3,0,5,1,8198
66.326899052,-19,-6,-43,1,3,0,5,1,8199
66.333296061,-20,-6,-43,1,3,0,5,1,8200
66.356991053,-20,-6,-43,1,3,0,5,1,8201
66.36295414,-21,-7,-43,1,3,0,5,1,8202
66.372949124,-22,-8,-43,1,3,0,5,1,8203
66.378908158,-23,-8,-43,2,2,0,5,1,8204
66.385056019,-23,-8,-43,2,2,0,5,1,8205
66.409438134,-24,-9,-43,2,2,0,5,1,8206
66.415319205,-24,-9,-43,2,1,0,5,1,8207
66.424953223,-25,-10,-43,2,1,0,5,1,8208
66.431001187,-25,-11,-43,2,0,0,5,1,8209
66.436890126,-25,-11,-43,2,0,0,5,1,8210
66.460958004,-25,-11,-43,1,0,-1,5,1,8211
66.467083216,-25,-12,-43,0,-1,-2,5,1,8212
66.472434998,-25,-12,-43,0,-1,-2,5,1,8213
66.476946116,-25,-12,-43,0,-1,-2,5,1,8214
66.48419714,-25,-12,-43,0,-2,-3,5,1,8215
66.48964119,-25,-12,-43,0,-2,-3,5,1,8216
66.512011051,-25,-12,-43,0,-2,-3,5,1,8217
66.518962145,-24,-12,-43,-1,-2,-3,5,1,8218
66.523989201,-24,-11,-43,-1,-2,-3,5,1,8219
66.52897501,-24,-11,-43,-1,-2,-3,5,1,8220
66.534907103,-23,-11,-43,-2,-1,-4,5,1,8221
66.546005011,-23,-10,-43,-2,-1,-4,5,1,8222
66.56486702,-23,-10,-43,-2,-1,-4,5,1,8223
66.571027041,-23,-9,-43,-2,0,-4,5,1,8224
66.57594204,-22,-9,-43,-2,0,-4,5,1,8225
66.581046105,-22,-8,-43,-2,0,-4,5,1,8226
66.586965084,-22,-8,-43,-2,0,-3,5,1,8227
66.593105078,-22,-7,-43,-2,0,-3,5,1,8228
66.616028071,-22,-7,-43,-2,0,-3,5,1,8229
66.62560916,-22,-6,-43,-1,2,-2,5,1,8230
66.63333416,-22,-6,-43,-1,2,-2,5,1,8231
66.638039112,-22,-6,-43,-1,2,0,5,1,8232
66.644929171,-22,-5,-43,-1,2,0,5,1,8233
66.668758154,-22,-5,-43,-1,2,0,5,1,8234
66.674916029,-22,-5,-43,0,3,1,5,1,8235
66.68501401,-23,-5,-43,0,3,1,5,1,8236
66.69294405,-23,-5,-43,0,3,2,5,1,8237
66.701710224,-23,-5,-43,0,3,2,5,1,8238
66.719943047,-23,-5,-43,-1,2,3,5,1,8239
66.728947163,-22,-5,-43,-1,1,3,5,1,8240
66.731945992,-22,-5,-43,-1,1,3,5,1,8241
66.736957074,-22,-6,-43,-1,1,3,5,1,8242
66.741983176,-22,-6,-43,-1,0,3,5,1,8243
66.748219014,-21,-6,-43,-1,0,3,5,1,8244
66.771921158,-21,-6,-43,-1,0,1,5,1,8245
66.778916121,-20,-7,-43,-1,-1,0,5,1,8246
66.784881115,-20,-7,-43,-1,-1,0,5,1,8247
66.794023991,-18,-7,-43,-1,-2,-2,5,1,8248
66.799926043,-18,-8,-43,-1,-2,-2,5,1,8249
66.824093104,-17,-8,-43,-1,-2,-2,5,1,8250
66.830036164,-16,-8,-43,-1,-3,-4,5,1,8251
66.839930058,-14,-9,-43,-1,-3,-4,5,1,8252
66.845907212,-14,-9,-43,-1,-3,-4,5,1,8253
66.852536202,-13,-9,-43,-1,-3,-4,5,1,8254
66.875022173,-12,-10,-43,-1,-3,-4,5,1,8255
66.881993056,-11,-10,-43,-1,-3,-4,5,1,8256
66.891954184,-10,-11,-43,-1,-3,-4,5,1,8257
66.897677183,-9,-11,-43,-1,-3,-3,5,1,8258
66.904143095,-9,-11,-43,-1,-3,-3,5,1,8259
66.926999092,-8,-12,-43,-1,-1,-2,5,1,8260
66.934281111,-8,-12,-43,0,0,0,5,1,8261
66.938947201,-7,-12,-43,0,0,0,5,1,8262
66.945074082,-7,-13,-43,0,0,0,5,1,8263
66.952692032,-7,-13,-43,0,1,0,5,1,8264
66.956037999,-6,-13,-43,0,1,0,5,1,8265
66.979882002,-6,-13,-43,0,3,1,5,1,8266
66.985925198,-6,-13,-43,0,4,1,5,1,8267
66.991991997,-6,-14,-43,0,4,1,5,1,8268
66.99595809,-5,-14,-43,0,4,1,5,1,8269
67.00378418,-5,-14,-43,0,5,2,5,1,8270
67.008740187,-5,-14,-43,0,5,2,5,1,8271
67.031904221,-5,-14,-43,0,5,2,5,1,8272
67.037950993,-4,-14,-43,0,5,1,5,1,8273
67.04804802,-4,-14,-43,0,5,1,5,1,8274
67.053956032,-3,-14,-43,-1,4,1,5,1,8275
67.059918166,-3,-13,-43,-1,4,1,5,1,8276
67.082956076,-2,-13,-43,-1,4,1,5,1,8277
67.089979172,-2,-13,-43,-1,3,0,5,1,8278
67.100119114,0,-12,-43,-1,3,0,5,1,8279
67.104979992,0,-12,-43,-1,1,0,5,1,8280
67.111894131,1,-11,-43,-1,1,0,5,1,8281
67.135020018,2,-11,-43,-1,1,0,5,1,8282
67.141998053,3,-10,-43,-1,0,-2,5,1,8283
67.151221991,4,-9,-43,-1,0,-2,5,1,8284
67.15696311,4,-9,-43,-1,-1,-3,5,1,8285
67.163033009,5,-9,-43,-1,-1,-3,5,1,8286
67.188856125,5,-8,-43,-1,-1,-3,5,1,8287
67.192943096,6,-8,-43,0,-2,-4,5,1,8288
67.202972174,6,-6,-43,0,-2,-4,5,1,8289
67.209825993,6,-6,-43,-1,-3,-5,5,1,8290
67.216742039,6,-6,-43,-1,-3,-5,5,1,8291
67.23895216,6,-5,-44,-1,-3,-6,5,1,8292
67.244919062,5,-5,-44,-2,-3,-5,5,1,8293
67.250082016,5,-4,-44,-2,-3,-5,5,1,8294
67.255904198,5,-4,-44,-3,-2,-4,5,1,8295
67.267068148,4,-3,-44,-3,-2,-4,5,1,8296
67.290919066,3,-3,-44,-4,-1,-3,5,1,8297
67.296989203,2,-3,-44,-4,0,-1,5,1,8298
67.306927204,1,-2,-44,-4,0,-1,5,1,8299
67.312828064,0,-2,-44,-3,0,0,5,1,8300
67.318962097,0,-2,-44,-3,0,0,5,1,8301
67.342941046,-1,-2,-44,-3,1,1,5,1,8302
67.350073099,-2,-2,-44,-2,2,2,5,1,8303
67.357095003,-2,-2,-44,-2,2,2,5,1,8304
67.360635042,-3,-2,-44,-2,2,2,5,1,8305
67.364900112,-4,-2,-44,-1,2,3,5,1,8306
67.372891188,-4,-1,-44,-1,2,3,5,1,8307
67.394885063,-5,-1,-44,-1,2,3,5,1,8308
67.400879145,-5,-1,-44,0,2,3,5,1,8309
67.412894011,-6,-1,-44,0,2,3,5,1,8310
67.4175632,-6,-1,-44,1,1,3,5,1,8311
67.422944069,-6,0,-43,1,1,3,5,1,8312
67.446907997,-7,0,-43,2,0,3,5,1,8313
67.453245163,-7,0,-43,3,0,2,5,1,8314
67.457921028,-7,0,-43,3,0,2,5,1,8315
67.464498997,-7,0,-43,3,0,2,5,1,8316
67.469157219,-7,1,-43,4,-2,1,5,1,8317
67.474977017,-7,1,-43,4,-2,1,5,1,8318
67.498918057,-7,1,-43,4,-2,1,5,1,8319
67.504966021,-7,1,-43,5,-3,0,5,1,8320
67.514958144,-7,2,-43,5,-3,0,5,1,8321
67.523939133,-7,2,-43,5,-5,0,5,1,8322
67.528818131,-7,2,-43,5,-5,0,5,1,8323
67.549960137,-7,3,-43,5,-5,0,5,1,8324
67.556930065,-6,3,-43,5,-6,0,5,1,8325
67.567022085,-6,3,-43,5,-6,0,5,1,8326
67.572269202,-5,3,-43,4,-6,-1,5,1,8327
67.577951193,-5,3,-43,4,-6,-1,5,1,8328
67.601976157,-5,4,-43,4,-6,-1,5,1,8329
67.608059168,-4,4,-43,3,-6,-2,5,1,8330
67.617955208,-4,4,-43,3,-6,-2,5,1,8331
67.623965025,-4,4,-43,2,-5,-2,5,1,8332
67.62993002,-3,4,-43,2,-5,-2,5,1,8333
67.653158188,-3,4,-44,2,-5,-2,5,1,8334
67.660015107,-3,4,-44,0,-3,-2,5,1,8335
67.670289994,-3,4,-44,0,-3,-2,5,1,8336
67.676762104,-3,4,-44,0,0,-2,5,1,8337
67.680949211,-3,4,-44,0,0,-2,5,1,8338
67.705404997,-4,3,-44,0,2,-1,5,1,8339
67.711937189,-4,3,-44,0,4,-1,5,1,8340
67.717931032,-5,3,-44,0,4,-1,5,1,8341
67.722052098,-5,3,-44,0,4,-1,5,1,8342
67.726949215,-6,2,-44,-1,6,0,5,1,8343
67.740194083,-6,2,-44,-1,6,0,5,1,8344
67.756985188,-7,2,-44,-1,8,1,5,1,8345
67.76403904,-8,1,-44,-1,8,2,5,1,8346
67.772898197,-9,1,-44,-1,8,2,5,1,8347
67.779957056,-10,0,-44,-1,8,2,5,1,8348
67.785884142,-11,-1,-44,-1,8,2,5,1,8349
67.809965134,-12,-1,-44,-1,6,3,5,1,8350
67.81594801,-13,-1,-43,-1,4,2,5,1,8351
67.820888043,-13,-2,-43,-1,4,2,5,1,8352
67.825954199,-14,-2,-43,-1,4,2,5,1,8353
67.832828999,-15,-2,-43,-1,2,2,5,1,8354
67.8380301,-15,-3,-43,-1,2,2,5,1,8355
67.860940218,-16,-3,-43,-1,2,2,5,1,8356
67.867969036,-17,-3,-43,-2,1,0,5,1,8357
67.877945185,-18,-3,-43,-2,1,0,5,1,8358
67.883104086,-18,-3,-43,-1,0,0,5,1,8359
67.893859148,-18,-3,-43,-1,0,0,5,1,8360
67.912979126,-19,-3,-43,-1,0,0,5,1,8361
67.91990614,-19,-3,-43,-1,-1,-1,5,1,8362
67.929546118,-19,-3,-43,-1,-1,-1,5,1,8363
67.934950114,-19,-3,-43,-1,-1,-2,5,1,8364
67.940906048,-19,-2,-43,-1,-1,-2,5,1,8365
67.964910031,-19,-2,-43,0,-2,-2,5,1,8366
67.972016096,-19,-2,-44,0,-2,-3,5,1,8367
67.977150202,-19,-1,-44,0,-2,-3,5,1,8368
67.984642029,-19,-1,-44,0,-2,-3,5,1,8369
67.988695145,-18,-1,-44,0,-2,-3,5,1,8370
67.993021012,-18,0,-44,0,-2,-3,5,1,8371
68.01701808,-17,0,-44,1,-2,-3,5,1,8372
68.024145127,-17,0,-44,0,-2,-3,5,1,8373
68.029073,-16,1,-44,0,-2,-3,5,1,8374
68.039185047,-15,2,-44,0,-1,-2,5,1,8375
68.048799038,-14,2,-44,0,-1,-2,5,1,8376
68.068993092,-13,3,-44,0,0,-1,5,1,8377
68.075937033,-12,3,-44,0,0,0,5,1,8378
68.080892086,-11,4,-44,0,0,0,5,1,8379
68.08614707,-10,4,-44,0,0,0,5,1,8380
68.091059208,-9,4,-44,0,1,0,5,1,8381
68.097928047,-8,5,-44,0,1,0,5,1,8382
68.121910096,-7,5,-44,0,1,0,5,1,8383
68.128057003,-6,5,-44,0,1,0,5,1,8384
68.138023138,-4,6,-44,0,1,0,5,1,8385
68.143340111,-3,6,-44,0,0,0,5,1,8386
68.149879217,-2,6,-44,0,0,0,5,1,8387
68.172991991,-1,7,-44,0,0,0,5,1,8388
68.180764199,0,7,-44,0,0,0,5,1,8389
68.185276032,1,7,-44,0,0,0,5,1,8390
68.189945221,2,7,-44,0,0,0,5,1,8391
68.195972205,2,7,-44,0,0,0,5,1,8392
68.201891184,3,7,-44,0,0,0,5,1,8393
68.226005078,4,7,-44,0,0,0,5,1,8394
68.231968165,5,7,-44,0,0,0,5,1,8395
68.236959219,5,8,-44,0,0,0,5,1,8396
68.242987156,6,8,-44,0,0,0,5,1,8397
68.247884035,6,8,-44,0,0,0,5,1,8398
68.253928185,6,8,-44,0,0,0,5,1,8399
68.277924061,7,8,-44,0,0,0,5,1,8400
68.28392911,6,8,-44,0,0,0,5,1,8401
68.294163227,6,8,-44,0,0,0,5,1,8402
68.299922228,6,8,-44,0,0,0,5,1,8403
68.305894137,5,8,-44,0,0,0,5,1,8404
68.329016209,5,8,-44,0,0,0,5,1,8405
68.336018086,4,7,-44,0,0,0,5,1,8406
68.34603405,2,7,-44,0,0,0,5,1,8407
68.357353211,1,7,-44,0,0,0,5,1,8408
68.359584093,0,6,-44,0,0,0,5,1,8409
68.380904198,-1,6,-44,0,0,0,5,1,8410
68.388084174,-2,6,-44,0,0,0,5,1,8411
68.397335053,-4,5,-44,0,0,0,5,1,8412
68.402937174,-5,4,-44,0,0,0,5,1,8413
68.408932209,-7,4,-44,0,0,0,5,1,8414
68.431944132,-8,3,-44,0,0,0,5,1,8415
68.43897605,-9,2,-44,0,1,0,5,1,8416
68.448924065,-11,1,-44,0,1,0,5,1,8417
68.455013991,-12,0,-44,1,2,0,5,1,8418
68.460981131,-13,0,-44,1,2,0,5,1,8419
68.484391213,-14,-1,-44,1,2,0,5,1,8420
68.490934134,-15,-2,-44,1,2,0,5,1,8421
68.49593401,-16,-2,-44,1,2,0,5,1,8422
68.502576113,-17,-3,-44,1,1,0,5,1,8423
68.505915165,-17,-4,-44,1,1,0,5,1,8424
68.513024092,-18,-4,-44,1,0,0,5,1,8425
68.536820174,-19,-5,-44,1,0,0,5,1,8426
68.542926073,-19,-6,-44,1,0,0,5,1,8427
68.547927141,-20,-7,-44,1,0,0,5,1,8428
68.553995133,-20,-7,-44,0,-1,0,5,1,8429
68.565429211,-21,-9,-44,0,-1,0,5,1,8430
68.587934017,-22,-10,-44,0,-2,-1,5,1,8431
68.594895125,-22,-10,-44,0,-2,-1,5,1,8432
68.60493207,-22,-12,-44,0,-2,-1,5,1,8433
68.612688065,-22,-12,-44,0,-2,-1,5,1,8434
68.615947008,-22,-13,-44,0,-2,-1,5,1,8435
68.639991999,-22,-13,-44,0,-2,-1,5,1,8436
68.647109032,-22,-14,-44,0,-2,-1,5,1,8437
68.652155161,-22,-14,-44,0,-2,-1,5,1,8438
68.660727024,-21,-14,-44,0,-2,-1,5,1,8439
68.663025141,-21,-15,-44,1,-1,-1,5,1,8440
68.668887139,-21,-15,-44,1,-1,-1,5,1,8441
68.692922116,-20,-15,-44,2,0,-1,5,1,8442
68.698968172,-20,-15,-44,2,0,-1,5,1,8443
68.705971003,-20,-14,-44,2,0,-1,5,1,8444
68.713945151,-19,-14,-44,2,0,-1,5,1,8445
68.720957995,-19,-14,-44,2,0,-1,5,1,8446
68.744179011,-19,-13,-44,2,1,0,5,1,8447
68.752994061,-18,-13,-44,1,1,0,5,1,8448
68.755914212,-18,-12,-44,1,1,0,5,1,8449
68.761990071,-18,-12,-44,1,2,0,5,1,8450
68.772982121,-18,-11,-44,1,2,0,5,1,8451
68.795964003,-18,-10,-44,0,2,0,5,1,8452
68.802904129,-18,-10,-44,0,1,0,5,1,8453
68.816793204,-18,-9,-44,0,1,0,5,1,8454
68.81887722,-18,-8,-44,-1,1,0,5,1,8455
68.825014115,-18,-8,-44,-1,1,0,5,1,8456
68.847965002,-18,-8,-44,-1,0,0,5,1,8457
68.855415106,-19,-7,-44,-2,0,0,5,1,8458
68.859935999,-19,-7,-44,-2,0,0,5,1,8459
68.864976168,-19,-7,-44,-2,0,0,5,1,8460
68.870887995,-19,-6,-44,-2,0,0,5,1,8461
68.876873017,-19,-6,-44,-2,0,0,5,1,8462
68.900865078,-20,-6,-44,-1,1,0,5,1,8463
68.908894062,-20,-6,-44,-1,1,0,5,1,8464
68.911861182,-20,-6,-44,-1,1,0,5,1,8465
68.92298007,-21,-6,-44,0,1,0,5,1,8466
68.928955078,-21,-6,-44,0,1,0,5,1,8467
68.95303917,-21,-6,-44,1,1,0,5,1,8468
68.958968163,-21,-6,-44,2,1,0,5,1,8469
68.964920998,-21,-6,-44,2,1,0,5,1,8470
68.969262123,-21,-6,-44,2,1,0,5,1,8471
68.975303173,-22,-6,-44,3,0,0,5,1,8472
68.981006146,-22,-6,-44,3,0,0,5,1,8473
69.004639149,-22,-6,-44,3,0,0,5,1,8474
69.010928154,-22,-6,-44,4,0,0,5,1,8475
69.016105175,-22,-6,-44,4,0,0,5,1,8476
69.020932198,-22,-5,-44,4,0,0,5,1,8477
69.027526141,-22,-5,-44,4,0,0,5,1,8478
69.033477068,-21,-5,-44,4,0,0,5,1,8479
69.057471991,-21,-5,-44,4,-1,0,5,1,8480
69.062961102,-21,-4,-44,4,-1,0,5,1,8481
69.068117142,-21,-4,-44,4,-1,0,5,1,8482
69.072984219,-20,-3,-44,4,-1,0,5,1,8483
69.078913212,-20,-3,-44,4,-1,0,5,1,8484
69.084847212,-20,-2,-44,4,-1,0,5,1,8485
69.108036042,-19,-2,-44,4,-1,0,5,1,8486
69.114915133,-19,-1,-44,4,-1,0,5,1,8487
69.124938011,-18,0,-44,4,-1,0,5,1,8488
69.129974127,-18,0,-44,3,-1,0,5,1,8489
69.137009144,-17,1,-44,3,-1,0,5,1,8490
69.16001916,-17,1,-44,3,-1,0,5,1,8491
69.166905165,-17,2,-44,2,-1,0,5,1,8492
69.179397106,-16,3,-44,2,-1,0,5,1,8493
69.181950093,-16,3,-44,0,0,0,5,1,8494
69.188144207,-15,3,-44,0,0,0,5,1,8495
69.211892128,-15,3,-44,-1,0,0,5,1,8496
69.218991041,-15,4,-44,-3,0,1,5,1,8497
69.224622011,-15,4,-44,-3,0,1,5,1,8498
69.228920222,-15,4,-44,-3,0,1,5,1,8499
69.23419118,-14,4,-44,-5,0,2,5,1,8500
69.244840145,-14,4,-44,-5,0,2,5,1,8501
69.264046192,-14,4,-44,-6,0,2,5,1,8502
69.272715092,-14,4,-44,-6,1,2,5,1,8503
69.28095913,-14,4,-44,-6,1,2,5,1,8504
69.285890103,-13,4,-44,-5,2,2,5,1,8505
69.292203188,-13,3,-44,-5,2,2,5,1,8506
69.315905094,-13,3,-44,-5,2,2,5,1,8507
69.321962118,-13,3,-44,-4,2,2,5,1,8508
69.331914187,-13,2,-44,-4,2,2,5,1,8509
69.337889195,-13,2,-44,-3,2,1,5,1,8510
69.34443903,-12,1,-44,-3,2,1,5,1,8511
69.366941214,-12,1,-44,-3,2,1,5,1,8512
69.374010086,-12,1,-44,-1,2,1,5,1,8513
69.383891106,-12,-1,-44,-1,2,1,5,1,8514
69.388915062,-11,-1,-44,0,1,0,5,1,8515
69.395908118,-11,-2,-44,0,1,0,5,1,8516
69.418987036,-11,-2,-44,0,1,0,5,1,8517
69.425972224,-10,-3,-44,0,0,0,5,1,8518
69.430936098,-10,-4,-44,0,0,0,5,1,8519
69.435916186,-10,-4,-44,0,0,0,5,1,8520
69.442366124,-9,-5,-44,0,0,-1,5,1,8521
69.447926998,-9,-6,-44,0,0,-1,5,1,8522
69.471906185,-8,-6,-44,0,-1,-2,5,1,8523
69.480787993,-8,-7,-44,-1,-1,-2,5,1,8524
69.48291111,-7,-7,-44,-1,-1,-2,5,1,8525
69.48913908,-7,-8,-44,-1,-1,-2,5,1,8526
69.494281054,-6,-8,-44,-1,-1,-2,5,1,8527
69.500941038,-6,-9,-44,-2,-1,-1,5,1,8528
69.524106026,-5,-9,-44,-2,-1,-1,5,1,8529
69.531008005,-5,-9,-44,-1,-1,-1,5,1,8530
69.540383101,-3,-9,-44,-1,-1,-1,5,1,8531
69.545908213,-3,-10,-44,-1,-1,0,5,1,8532
69.552545071,-2,-10,-44,-1,-1,0,5,1,8533
69.574939013,-2,-9,-44,-1,-1,0,5,1,8534
69.584961176,-1,-9,-44,0,0,0,5,1,8535
69.592053175,0,-9,-44,0,0,0,5,1,8536
69.597976208,0,-8,-44,0,0,1,5,1,8537
69.604087115,1,-8,-44,0,0,1,5,1,8538
69.62917614,1,-8,-44,0,1,2,5,1,8539
69.633932114,2,-7,-44,0,2,2,5,1,8540
69.639739991,3,-6,-44,0,2,2,5,1,8541
69.648815155,3,-6,-44,0,2,2,5,1,8542
69.651648999,3,-5,-44,0,2,1,5,1,8543
69.655830145,4,-5,-44,0,2,1,5,1,8544
69.679999113,4,-4,-44,0,1,1,5,1,8545
69.687001229,5,-4,-44,0,0,0,5,1,8546
69.696138144,6,-3,-44,0,0,0,5,1,8547
69.702017069,6,-2,-44,-1,0,0,5,1,8548
69.708028078,7,-2,-44,-1,0,0,5,1,8549
69.731997013,7,-1,-44,-1,-1,0,5,1,8550
69.738053084,8,-1,-44,-1,-2,0,5,1,8551
69.742926121,8,0,-44,-1,-2,0,5,1,8552
69.748918057,9,0,-44,-1,-2,0,5,1,8553
69.761325121,10,1,-44,-1,-2,0,5,1,8554
69.78481412,10,1,-44,-1,-2,0,5,1,8555
69.790850163,11,1,-44,-1,-2,0,5,1,8556
69.795025111,12,1,-44,-1,-2,0,5,1,8557
69.80262518,12,1,-44,-1,-2,0,5,1,8558
69.80591321,13,2,-44,0,-2,0,5,1,8559
69.812035084,13,1,-44,0,-2,0,5,1,8560
69.835934162,14,1,-44,0,-2,0,5,1,8561
69.843011141,15,1,-44,0,-2,0,5,1,8562
69.857099057,16,1,-44,0,-2,0,5,1,8563
69.858800173,17,0,-44,0,-2,0,5,1,8564
69.8639431,17,0,-44,0,-2,0,5,1,8565
69.888027191,18,0,-44,0,-2,0,5,1,8566
69.896048069,18,-1,-44,0,-3,0,5,1,8567
69.904035092,19,-2,-44,0,-3,0,5,1,8568
69.913477183,19,-2,-44,0,-3,0,5,1,8569
69.916774035,19,-3,-44,0,-3,0,5,1,8570
69.939904213,20,-3,-44,0,-3,0,5,1,8571
69.945967198,20,-3,-44,1,-3,-1,5,1,8572
69.951034069,20,-4,-44,1,-3,-1,5,1,8573
69.955959082,20,-4,-44,1,-3,-1,5,1,8574
69.961892128,20,-5,-44,1,-2,-1,5,1,8575
69.968779087,19,-5,-44,1,-2,-1,5,1,8576
69.991935015,19,-5,-44,2,-1,-1,5,1,8577
69.998918057,18,-5,-44,2,0,-1,5,1,8578
70.004075051,18,-6,-44,2,0,-1,5,1,8579
70.008866072,17,-6,-44,3,1,0,5,1,8580
70.013906002,17,-6,-44,3,1,0,5,1,8581
70.020968199,16,-6,-44,3,3,0,5,1,8582
70.044004202,15,-7,-44,3,3,0,5,1,8583
70.050883055,15,-7,-44,3,4,1,5,1,8584
70.060914994,13,-8,-44,3,4,1,5,1,8585
70.068004132,12,-8,-44,2,5,1,5,1,8586
70.072032214,11,-8,-44,2,5,1,5,1,8587
70.095917225,10,-9,-44,1,5,1,5,1,8588
70.102950096,9,-9,-44,0,5,1,5,1,8589
70.10898304,8,-10,-44,0,5,1,5,1,8590
70.112883091,7,-10,-44,0,5,1,5,1,8591
70.116984129,6,-11,-44,-1,5,1,5,1,8592
70.122982025,5,-11,-44,-1,5,1,5,1,8593
70.147014141,4,-12,-44,-3,4,0,5,1,8594
70.154123068,3,-13,-44,-4,4,0,5,1,8595
70.164058209,1,-14,-44,-4,4,0,5,1,8596
70.169010163,0,-15,-44,-4,3,0,5,1,8597
70.175915003,-1,-15,-44,-4,3,0,5,1,8598
70.198982001,-2,-16,-44,-3,2,0,5,1,8599
70.205937147,-4,-16,-44,-3,1,0,5,1,8600
70.212943077,-5,-17,-44,-3,1,0,5,1,8601
70.216227055,-6,-18,-44,-3,1,0,5,1,8602
70.220959187,-7,-18,-44,-2,1,0,5,1,8603
70.227894068,-7,-19,-44,-2,1,0,5,1,8604
70.251470089,-8,-19,-44,-1,1,0,5,1,8605
70.257966996,-9,-20,-44,-1,0,0,5,1,8606
70.267983198,-11,-21,-44,-1,0,0,5,1,8607
70.272912026,-12,-22,-44,0,0,0,5,1,8608
70.280831099,-13,-22,-44,0,0,0,5,1,8609
70.302897215,-13,-23,-44,0,0,0,5,1,8610
70.308943034,-14,-23,-44,0,0,0,5,1,8611
70.318312168,-15,-24,-44,0,0,0,5,1,8612
70.319918156,-15,-25,-44,0,0,0,5,1,8613
70.324935198,-16,-25,-44,0,0,0,5,1,8614
70.332319022,-16,-26,-44,0,0,0,5,1,8615
70.353960991,-17,-26,-44,0,0,0,5,1,8616
70.361035109,-17,-27,-44,0,0,-1,5,1,8617
70.380699158,-18,-28,-44,0,0,-1,5,1,8618
70.382254124,-18,-29,-44,0,0,-1,5,1,8619
70.385171175,-18,-29,-44,0,0,-1,5,1,8620
70.405917168,-19,-30,-44,0,0,-1,5,1,8621
70.413820029,-19,-31,-44,0,0,-1,5,1,8622
70.421889067,-19,-31,-44,0,0,-1,5,1,8623
70.427932024,-19,-32,-44,1,1,-1,5,1,8624
70.43602109,-19,-32,-44,1,1,-1,5,1,8625
70.457948208,-19,-33,-44,2,1,-1,5,1,8626
70.465068102,-19,-33,-44,2,1,0,5,1,8627
70.474205017,-19,-34,-44,2,1,0,5,1,8628
70.480574131,-19,-34,-44,2,1,0,5,1,8629
70.485925198,-19,-34,-44,2,1,0,5,1,8630
70.510045052,-19,-34,-44,2,0,0,5,1,8631
70.515942097,-19,-34,-44,2,0,1,5,1,8632
70.520908118,-19,-34,-44,2,0,1,5,1,8633
70.531977177,-18,-34,-44,1,0,1,5,1,8634
70.538051129,-18,-35,-44,0,-1,0,5,1,8635
70.561968088,-18,-34,-44,0,-1,0,5,1,8636
70.567986012,-18,-34,-44,0,-1,0,5,1,8637
70.577975035,-18,-34,-44,0,-1,0,5,1,8638
70.583923102,-18,-34,-44,0,-1,0,5,1,8639
70.589930058,-18,-33,-44,0,-1,0,5,1,8640
70.612976075,-18,-33,-44,0,-1,0,5,1,8641
70.619956017,-18,-33,-44,0,-1,0,5,1,8642
70.629948139,-18,-32,-44,0,-1,0,5,1,8643
70.635004044,-18,-31,-44,0,0,0,5,1,8644
70.641009093,-18,-30,-44,0,0,0,5,1,8645
70.664931059,-18,-30,-44,0,0,0,5,1,8646
70.671958208,-18,-29,-44,0,0,0,5,1,8647
70.681905032,-18,-27,-44,0,0,0,5,1,8648
70.686999083,-18,-26,-44,0,0,0,5,1,8649
70.693123102,-18,-25,-44,0,0,0,5,1,8650
70.716881991,-18,-24,-44,-1,0,0,5,1,8651
70.724845171,-18,-23,-44,-1,0,0,5,1,8652
70.729107142,-17,-22,-44,-1,0,0,5,1,8653
70.734138012,-17,-21,-44,-2,0,0,5,1,8654
70.745935202,-17,-19,-44,-3,0,0,5,1,8655
70.769066096,-17,-19,-44,-3,0,0,5,1,8656
70.775918007,-17,-18,-44,-4,0,0,5,1,8657
70.785122156,-16,-16,-44,-4,0,0,5,1,8658
70.790906191,-16,-15,-44,-4,0,0,5,1,8659
70.79695201,-16,-14,-44,-4,0,0,5,1,8660
70.820201159,-16,-14,-44,-4,0,0,5,1,8661
70.827075005,-16,-13,-44,-4,0,0,5,1,8662
70.836880207,-15,-12,-44,-4,0,0,5,1,8663
70.842057228,-15,-12,-44,-3,0,0,5,1,8664
70.848914147,-15,-12,-44,-3,0,0,5,1,8665
70.872036219,-15,-11,-44,-3,0,0,5,1,8666
70.879002095,-14,-11,-44,-2,0,0,5,1,8667
70.887928009,-14,-11,-44,-2,0,0,5,1,8668
70.896723032,-14,-11,-44,-1,0,0,5,1,8669
70.901358128,-14,-12,-44,-1,0,0,5,1,8670
70.926588059,-13,-12,-44,0,0,0,5,1,8671
70.930934191,-13,-12,-44,0,0,0,5,1,8672
70.93493104,-13,-13,-44,0,0,0,5,1,8673
70.941395998,-13,-13,-44,0,0,0,5,1,8674
70.945967198,-13,-13,-44,0,0,0,5,1,8675
70.953209162,-13,-14,-44,0,0,0,5,1,8676
70.975975037,-12,-14,-44,0,0,0,5,1,8677
70.982908011,-12,-15,-44,0,0,0,5,1,8678
70.992968083,-12,-16,-44,0,0,0,5,1,8679
70.997950077,-12,-16,-44,0,0,0,5,1,8680
71.004114151,-12,-17,-44,0,0,0,5,1,8681
71.027943135,-12,-17,-44,0,0,0,5,1,8682
71.033904076,-12,-18,-44,0,0,-1,5,1,8683
71.047381163,-11,-19,-44,0,0,-1,5,1,8684
71.053158045,-11,-19,-44,0,0,-1,5,1,8685
71.056751013,-11,-19,-44,0,0,-1,5,1,8686
71.079005003,-11,-20,-44,0,0,-1,5,1,8687
71.085985184,-11,-20,-44,0,0,-1,5,1,8688
71.095911026,-11,-20,-44,0,0,-1,5,1,8689
71.100975037,-11,-21,-44,1,0,-1,5,1,8690
71.10700512,-11,-21,-44,1,0,-1,5,1,8691
71.130911112,-11,-21,-44,1,0,-1,5,1,8692
71.139991045,-11,-21,-44,1,0,-1,5,1,8693
71.146914006,-12,-21,-44,1,0,-1,5,1,8694
71.1530931,-12,-21,-44,2,0,0,5,1,8695
71.159063101,-12,-20,-44,2,0,0,5,1,8696
71.182941199,-12,-20,-44,2,0,0,5,1,8697
71.188952208,-12,-20,-44,2,0,0,5,1,8698
71.193996191,-13,-20,-44,2,0,0,5,1,8699
71.202578068,-13,-19,-44,2,0,0,5,1,8700
71.204834223,-13,-19,-44,1,0,0,5,1,8701
71.211023093,-13,-19,-44,1,0,0,5,1,8702
71.234926224,-14,-18,-44,0,0,1,5,1,8703
71.240972042,-14,-18,-44,-2,0,1,5,1,8704
71.245931149,-14,-18,-44,-2,0,1,5,1,8705
71.251359225,-14,-18,-44,-2,0,1,5,1,8706
71.257124186,-15,-18,-44,-4,0,2,5,1,8707
71.264018059,-15,-18,-44,-4,0,2,5,1,8708
71.286912203,-15,-18,-44,-5,0,2,5,1,8709
71.296276093,-15,-18,-44,-5,0,2,5,1,8710
71.301957131,-16,-18,-44,-5,0,2,5,1,8711
71.305372,-16,-19,-44,-5,0,2,5,1,8712
71.311224222,-16,-19,-44,-4,0,1,5,1,8713
71.315423012,-16,-19,-44,-4,0,1,5,1,8714
71.338888169,-17,-20,-44,-4,0,1,5,1,8715
71.344983101,-17,-20,-44,-2,-1,0,5,1,8716
71.356235028,-17,-21,-44,-2,-1,0,5,1,8717
71.361034155,-17,-22,-44,-1,0,0,5,1,8718
71.366988182,-18,-22,-44,-1,0,0,5,1,8719
71.390935183,-18,-23,-44,0,0,0,5,1,8720
71.396948099,-18,-23,-44,1,0,0,5,1,8721
71.406969071,-19,-24,-44,1,0,0,5,1,8722
71.411961079,-19,-24,-44,2,0,0,5,1,8723
71.419093132,-19,-24,-44,2,0,0,5,1,8724
71.442017079,-20,-25,-44,3,1,0,5,1,8725
71.448935032,-20,-24,-44,3,1,0,5,1,8726
71.45423007,-20,-24,-44,3,1,0,5,1,8727
71.45895505,-21,-24,-44,3,1,0,5,1,8728
71.465078116,-21,-24,-44,3,1,0,5,1,8729
71.47094822,-21,-24,-44,3,1,0,5,1,8730
71.494939089,-22,-24,-44,2,1,0,5,1,8731
71.504765034,-22,-23,-44,1,1,0,5,1,8732
71.512790203,-22,-23,-44,1,1,0,5,1,8733
71.516067028,-23,-23,-44,1,1,-1,5,1,8734
71.521425009,-23,-22,-44,1,1,-1,5,1,8735
71.525415182,-23,-22,-44,0,0,-1,5,1,8736
71.546855212,-24,-21,-44,0,0,-1,5,1,8737
71.553003073,-24,-20,-44,0,0,-1,5,1,8738
71.558029175,-24,-20,-44,0,0,-1,5,1,8739
71.563166142,-25,-19,-44,0,0,-1,5,1,8740
71.57030201,-25,-19,-44,0,-2,-1,5,1,8741
71.575113058,-25,-18,-44,0,-2,-1,5,1,8742
71.599750042,-25,-17,-44,0,-2,-1,5,1,8743
71.605102063,-26,-17,-44,0,-3,-1,5,1,8744
71.614933014,-26,-16,-44,0,-3,-1,5,1,8745
71.619955063,-27,-16,-44,0,-4,0,5,1,8746
71.626929045,-27,-15,-44,0,-4,0,5,1,8747
71.649946213,-27,-15,-44,0,-4,0,5,1,8748
71.656992197,-27,-15,-44,-1,-4,0,5,1,8749
71.663223028,-27,-15,-44,-1,-4,0,5,1,8750
71.666925192,-27,-15,-44,-1,-4,0,5,1,8751
71.673110009,-28,-15,-44,-2,-4,0,5,1,8752
71.678958178,-28,-15,-44,-2,-4,0,5,1,8753
71.702925206,-28,-16,-44,-2,-3,1,5,1,8754
71.708972216,-28,-16,-44,-2,-2,1,5,1,8755
71.718930006,-27,-17,-44,-2,-2,1,5,1,8756
71.728803158,-27,-17,-44,-3,-2,2,5,1,8757
71.73183918,-27,-18,-44,-3,-2,2,5,1,8758
71.753968001,-27,-18,-44,-3,-2,2,5,1,8759
71.760964156,-26,-19,-44,-2,-1,2,5,1,8760
71.770892144,-26,-20,-44,-2,-1,2,5,1,8761
71.775985003,-26,-20,-44,-2,-1,2,5,1,8762
71.781921149,-25,-21,-44,-2,-1,2,5,1,8763
71.805939198,-25,-21,-44,-1,-1,1,5,1,8764
71.813028097,-24,-21,-44,0,0,0,5,1,8765
71.82203722,-24,-21,-44,0,0,0,5,1,8766
71.827992201,-23,-21,-44,1,0,0,5,1,8767
71.834360123,-23,-21,-44,1,0,0,5,1,8768
71.863977194,-23,-21,-44,2,0,-1,5,1,8769
71.871044159,-22,-21,-44,3,1,-1,5,1,8770
71.879536152,-22,-20,-44,3,1,-1,5,1,8771
71.881624222,-22,-20,-44,3,1,-1,5,1,8772
71.886113167,-21,-20,-44,4,2,-2,5,1,8773
71.891931057,-21,-19,-44,4,2,-2,5,1,8774
71.916001082,-21,-19,-44,4,2,-2,5,1,8775
71.923233033,-21,-18,-44,3,2,-1,5,1,8776
71.932880164,-21,-17,-44,3,2,-1,5,1,8777
71.937884093,-20,-17,-44,2,2,-1,5,1,8778
71.944149018,-20,-16,-44,2,2,-1,5,1,8779
71.967920065,-20,-16,-44,1,2,0,5,1,8780
71.974927187,-20,-15,-44,0,2,0,5,1,8781
71.97983408,-20,-15,-44,0,2,0,5,1,8782
71.98646307,-20,-14,-44,0,2,0,5,1,8783
71.996844054,-21,-14,-44,-1,1,0,5,1,8784
72.02602911,-21,-13,-44,-1,1,0,5,1,8785
72.039212227,-21,-13,-44,-1,1,0,5,1,8786
72.051024199,-21,-13,-44,-1,0,0,5,1,8787
72.082038164,-21,-13,-44,-1,0,0,5,1,8788
72.094871998,-21,-13,-44,-1,-1,0,5,1,8789
72.099983216,-22,-13,-44,-1,-1,0,5,1,8790
72.106189013,-22,-13,-44,-1,-1,0,5,1,8791
72.112859011,-22,-13,-44,-1,-1,0,5,1,8792
72.134973049,-22,-13,-44,-1,-1,0,5,1,8793
72.141960144,-22,-12,-44,-1,-1,0,5,1,8794
72.147891999,-22,-12,-44,-1,-1,0,5,1,8795
72.156992197,-22,-12,-44,-1,-1,0,5,1,8796
72.184929133,-23,-12,-44,-1,-1,0,5,1,8797
72.196927071,-23,-11,-44,-1,0,0,5,1,8798
72.207903147,-23,-11,-44,-1,0,0,5,1,8799
72.232001067,-23,-10,-44,-1,0,0,5,1,8800
72.237959147,-23,-10,-44,-1,0,0,5,1,8801
72.249883175,-23,-9,-44,-1,0,0,5,1,8802
72.253827095,-22,-8,-44,-1,1,1,5,1,8803
72.259916067,-22,-7,-44,-1,1,1,5,1,8804
72.284000159,-22,-7,-44,0,1,2,5,1,8805
72.290060044,-22,-6,-44,0,1,2,5,1,8806
72.294988156,-22,-5,-44,0,1,2,5,1,8807
72.299971104,-22,-5,-44,0,1,2,5,1,8808
72.307913065,-21,-4,-44,0,1,2,5,1,8809
72.311868191,-21,-4,-44,0,1,2,5,1,8810
72.340741158,-21,-3,-44,0,1,2,5,1,8811
72.348064184,-20,-2,-44,0,1,1,5,1,8812
72.358112097,-19,-1,-44,0,1,1,5,1,8813
72.363018036,-19,0,-44,0,1,1,5,1,8814
72.387962103,-19,0,-44,0,1,1,5,1,8815
72.394959212,-18,1,-44,0,1,0,5,1,8816
72.404956103,-17,2,-44,0,1,0,5,1,8817
72.410120011,-16,2,-44,0,0,0,5,1,8818
72.416011095,-16,3,-44,0,0,0,5,1,8819
72.439943075,-15,3,-44,0,0,-1,5,1,8820
72.452900172,-14,3,-44,1,0,-2,5,1,8821
72.464925051,-14,3,-44,1,-1,-3,5,1,8822
72.487920046,-13,4,-44,1,-1,-3,5,1,8823
72.49494505,-13,4,-44,1,-2,-3,5,1,8824
72.504889012,-11,4,-44,1,-2,-3,5,1,8825
72.509901047,-11,4,-44,1,-3,-2,5,1,8826
72.515935183,-10,4,-44,1,-3,-2,5,1,8827
72.540052176,-10,4,-44,1,-3,-2,5,1,8828
72.547263146,-9,4,-44,1,-2,-1,5,1,8829
72.553389073,-8,3,-44,1,-2,-1,5,1,8830
72.556975127,-8,3,-44,1,-2,-1,5,1,8831
72.56193018,-7,3,-44,0,-1,0,5,1,8832
72.568857193,-6,3,-44,0,-1,0,5,1,8833
72.591996193,-6,3,-44,0,-1,0,5,1,8834
72.599135161,-5,3,-44,0,0,0,5,1,8835
72.608998061,-4,3,-44,0,0,0,5,1,8836
72.614443064,-3,3,-44,0,1,1,5,1,8837
72.621219158,-3,3,-44,0,1,1,5,1,8838
72.648733139,-2,2,-44,0,3,1,5,1,8839
72.651033163,-2,2,-44,0,4,1,5,1,8840
72.655305147,-1,2,-44,0,4,1,5,1,8841
72.660902024,0,2,-44,0,4,1,5,1,8842
72.665955067,0,2,-44,0,5,1,5,1,8843
72.672082186,1,2,-44,0,5,1,5,1,8844
72.696109057,1,2,-44,0,5,0,5,1,8845
72.703014136,2,2,-44,0,4,0,5,1,8846
72.708369017,2,2,-44,0,4,0,5,1,8847
72.71943307,3,2,-44,0,4,0,5,1,8848
72.724750996,4,2,-44,0,4,0,5,1,8849
72.747927189,4,2,-44,-1,3,0,5,1,8850
72.76091218,5,2,-44,-1,3,0,5,1,8851
72.772922993,5,2,-44,-2,2,-1,5,1,8852
72.803989172,6,2,-44,-2,1,-1,5,1,8853
72.816915036,6,1,-44,-2,0,-1,5,1,8854
72.827926159,7,1,-44,-2,0,-1,5,1,8855
72.834082127,7,1,-44,-1,0,-2,5,1,8856
72.860515118,8,1,-44,-1,0,-2,5,1,8857
72.865014077,8,0,-44,-1,-1,-2,5,1,8858
72.869937182,9,0,-44,-1,-1,-2,5,1,8859
72.874962092,9,-1,-44,-1,-1,-2,5,1,8860
72.880922079,10,-1,-44,0,-2,-2,5,1,8861
72.890566111,10,-1,-44,0,-2,-2,5,1,8862
72.911114216,10,-2,-44,0,-2,-2,5,1,8863
72.916988135,10,-2,-44,0,-2,-2,5,1,8864
72.921901226,11,-3,-44,0,-2,-2,5,1,8865
72.928246022,11,-3,-44,0,-2,-1,5,1,8866
72.933092118,11,-3,-44,0,-2,-1,5,1,8867
72.939869166,11,-4,-44,0,-1,-1,5,1,8868
72.963110209,11,-4,-44,0,-1,-1,5,1,8869
72.969914198,10,-5,-44,0,-1,0,5,1,8870
72.980006218,10,-5,-44,0,-1,0,5,1,8871
72.984902144,9,-6,-44,0,0,0,5,1,8872
72.990972042,9,-6,-44,0,0,0,5,1,8873
73.014892102,8,-6,-44,0,0,0,5,1,8874
73.021042109,8,-7,-44,0,0,0,5,1,8875
73.031322003,6,-7,-44,0,0,0,5,1,8876
73.036919117,6,-7,-44,0,0,0,5,1,8877
73.044887066,5,-8,-44,0,0,0,5,1,8878
73.0660851,4,-8,-44,0,0,0,5,1,8879
73.074108124,3,-8,-44,0,0,0,5,1,8880
73.082952023,2,-9,-44,0,0,0,5,1,8881
73.088019133,1,-9,-44,0,0,0,5,1,8882
73.09403801,0,-9,-44,0,0,0,5,1,8883
73.11807108,0,-10,-44,0,0,0,5,1,8884
73.124891043,-1,-10,-44,0,1,0,5,1,8885
73.129918099,-2,-10,-44,0,1,0,5,1,8886
73.134895087,-2,-10,-44,0,1,0,5,1,8887
73.139942169,-3,-11,-44,0,1,0,5,1,8888
73.146337033,-3,-11,-44,0,1,0,5,1,8889
73.169939995,-4,-11,-44,0,0,0,5,1,8890
73.176916123,-4,-11,-44,0,0,0,5,1,8891
73.181922198,-4,-11,-44,0,0,0,5,1,8892
73.191915036,-5,-12,-44,0,0,0,5,1,8893
73.198088169,-5,-12,-44,0,0,0,5,1,8894
73.222015143,-5,-12,-44,0,0,0,5,1,8895
73.227952004,-5,-12,-44,1,-1,0,5,1,8896
73.24033022,-5,-13,-44,1,-1,0,5,1,8897
73.243923188,-5,-13,-44,1,-1,0,5,1,8898
73.250076056,-5,-13,-44,1,-1,0,5,1,8899
73.273400069,-5,-13,-44,1,-1,0,5,1,8900
73.279971123,-5,-13,-44,1,-1,0,5,1,8901
73.290096999,-5,-13,-44,1,-1,0,5,1,8902
73.294916153,-5,-13,-44,1,-1,0,5,1,8903
73.301024199,-5,-13,-44,1,-1,0,5,1,8904
73.32498622,-5,-13,-44,1,-1,0,5,1,8905
73.331096173,-5,-13,-44,1,-1,0,5,1,8906
73.340934038,-5,-13,-44,1,-1,0,5,1,8907
73.347784996,-5,-13,-44,0,-1,1,5,1,8908
73.353115082,-5,-13,-44,0,-1,1,5,1,8909
73.380712033,-5,-12,-44,0,-1,1,5,1,8910
73.382968188,-4,-12,-44,0,0,1,5,1,8911
73.392933131,-4,-12,-44,0,0,1,5,1,8912
73.398902178,-4,-12,-44,0,0,1,5,1,8913
73.40833807,-4,-11,-44,0,0,1,5,1,8914
73.428955078,-4,-11,-44,0,0,0,5,1,8915
73.435005188,-4,-11,-44,-1,0,0,5,1,8916
73.439931155,-4,-11,-44,-1,0,0,5,1,8917
73.446630001,-4,-11,-44,-1,0,0,5,1,8918
73.456952095,-3,-10,-44,-1,0,0,5,1,8919
73.48091507,-3,-10,-44,-1,1,0,5,1,8920
73.487025023,-3,-10,-44,-1,1,0,5,1,8921
73.501495123,-3,-9,-44,-1,1,0,5,1,8922
73.503728152,-3,-9,-44,-1,1,0,5,1,8923
73.509240151,-3,-9,-44,-1,1,0,5,1,8924
73.532913208,-3,-8,-44,-1,1,0,5,1,8925
73.539022208,-3,-8,-44,-1,1,0,5,1,8926
73.543973208,-3,-8,-44,-1,1,0,5,1,8927
73.548925162,-3,-8,-44,-1,1,0,5,1,8928
73.554911137,-3,-7,-44,-1,1,1,5,1,8929
73.564946175,-3,-7,-44,-1,1,1,5,1,8930
73.584251166,-3,-7,-44,-1,1,1,5,1,8931
73.592744112,-3,-7,-44,-1,1,1,5,1,8932
73.600975991,-3,-6,-44,-1,1,1,5,1,8933
73.607119084,-3,-6,-44,-1,1,1,5,1,8934
73.612892151,-3,-6,-44,-1,1,1,5,1,8935
73.637087107,-3,-5,-44,0,1,0,5,1,8936
73.643012047,-3,-5,-44,0,1,0,5,1,8937
73.647988081,-3,-5,-44,0,1,0,5,1,8938
73.655274153,-3,-4,-44,0,0,0,5,1,8939
73.658954144,-3,-4,-44,0,0,0,5,1,8940
73.665001154,-3,-4,-44,0,0,0,5,1,8941
73.688890219,-3,-4,-44,0,0,0,5,1,8942
73.69494009,-3,-3,-44,0,0,-1,5,1,8943
73.70494318,-3,-3,-44,0,0,-1,5,1,8944
73.713351012,-3,-3,-44,0,-1,-1,5,1,8945
73.717181206,-3,-2,-44,0,-1,-1,5,1,8946
73.743984223,-3,-2,-44,0,-1,-1,5,1,8947
73.746931076,-3,-2,-44,0,-1,-1,5,1,8948
73.751935005,-3,-2,-44,0,-1,-1,5,1,8949
73.757921219,-3,-2,-44,0,-1,-1,5,1,8950
73.763085127,-3,-2,-44,0,-1,0,5,1,8951
73.769066096,-4,-2,-44,0,-1,0,5,1,8952
73.79294014,-4,-1,-44,0,-1,0,5,1,8953
73.79994011,-4,-1,-44,0,0,0,5,1,8954
73.806447029,-4,-2,-44,0,0,0,5,1,8955
73.80996418,-4,-2,-44,0,0,0,5,1,8956
73.814934016,-5,-2,-44,0,0,0,5,1,8957
73.820987225,-5,-2,-44,0,0,0,5,1,8958
73.844988108,-5,-2,-44,0,1,0,5,1,8959
73.851899147,-5,-2,-44,0,1,0,5,1,8960
73.861930132,-6,-2,-44,0,1,0,5,1,8961
73.870032072,-6,-2,-44,0,2,0,5,1,8962
73.872971058,-6,-3,-44,0,2,0,5,1,8963
73.89687109,-7,-3,-44,0,2,0,5,1,8964
73.90398717,-7,-3,-44,0,3,1,5,1,8965
73.910324097,-7,-3,-44,0,3,1,5,1,8966
73.919009209,-7,-4,-44,1,3,0,5,1,8967
73.927588225,-7,-4,-44,1,3,0,5,1,8968
